A:
   0.68   0.823  -0.444   -0.27
 -0.211  -0.605   0.108  0.0268
  0.566   -0.33 -0.0452   0.904
  0.597   0.536   0.258   0.832
B:
 0.271 -0.967 -0.687  0.998
 0.435 -0.514 -0.198 -0.563
-0.717 -0.726  -0.74 0.0259
 0.214  0.608 -0.782  0.678
S:
 0.927 -0.928  0.643 -0.227
-0.594   0.36  0.146 -0.606
     0      0 -0.398 -0.164
     0      0      0  -1.12
T:
  1.51  0.278 -0.238  0.501
     0  -1.04  0.519 -0.239
     0      0  -1.25  0.438
     0      0      0  0.746
Q:
 0.603  0.011  0.552  0.576
-0.142  0.243  0.761 -0.585
 0.092 -0.958  0.152 -0.223
  0.78  0.149 -0.306 -0.526
Z:
  0.284    0.26  -0.696   0.606
 -0.918  -0.108   -0.38  0.0406
 -0.269   0.783   0.462    0.32
-0.0674  -0.555   0.398   0.727

Errors:
|A-QSZ|: 1.13e-06, |B-QTZ|: 1.81e-06
|QQ* - I|: 1.01e-06, |ZZ* - I|: 7.02e-07
